1 + 2

my_number <- 5

dan <- 100
rob <- 50

